epoch,gen,recon,disc,lr,time
1,2.437330,0.473816,3.828114,0.000100,30.463755
2,1.021974,0.302487,1.277358,0.000100,26.899625
3,0.860840,0.221567,0.736046,0.000100,26.924051
4,0.937263,0.164680,0.504307,0.000100,26.782183
5,0.980459,0.125490,0.392798,0.000100,26.852244
6,1.000640,0.098189,0.271104,0.000100,26.933258
7,1.046236,0.083742,0.231605,0.000100,26.865245
8,0.846392,0.078651,0.363655,0.000100,26.870274
9,0.615891,0.076212,0.606758,0.000100,26.961918
10,0.614279,0.075647,0.505334,0.000100,26.941713
11,0.619676,0.075359,0.446288,0.000100,26.927266
12,0.644695,0.075275,0.424232,0.000100,26.901136
13,0.667727,0.074956,0.388127,0.000100,26.823585
14,0.684837,0.074104,0.361415,0.000100,26.850259
15,0.686684,0.074693,0.337978,0.000100,26.855368
16,0.687548,0.073651,0.305057,0.000100,26.974937
17,0.680511,0.074365,0.322176,0.000100,26.974627
18,0.714238,0.074402,0.292094,0.000100,26.911038
19,0.757601,0.073658,0.259952,0.000100,26.859749
20,0.757439,0.073345,0.242478,0.000100,26.897203
21,0.765900,0.072718,0.228204,0.000100,26.895785
22,0.773568,0.073910,0.241510,0.000100,26.835049
23,0.774205,0.073705,0.215298,0.000100,27.082715
24,0.786377,0.073073,0.217968,0.000100,26.971209
25,0.799890,0.072146,0.221770,0.000100,27.032762
26,0.812550,0.072696,0.196106,0.000100,26.861953
27,0.819377,0.071941,0.186259,0.000100,26.900457
28,0.825834,0.073134,0.194012,0.000100,26.764432
29,0.820021,0.072658,0.178901,0.000100,26.944741
30,0.852425,0.071612,0.150100,0.000100,26.943495
31,0.860025,0.070977,0.156440,0.000100,27.001958
32,0.874394,0.071389,0.135487,0.000100,26.896912
33,0.885970,0.071077,0.132759,0.000100,26.881738
34,0.878778,0.071257,0.144197,0.000100,26.903886
35,0.627030,0.070539,0.328297,0.000100,26.782842
36,0.598751,0.068794,0.340747,0.000100,26.993484
37,0.650807,0.067954,0.301697,0.000100,26.969130
38,0.678066,0.067844,0.262241,0.000100,26.929126
39,0.714904,0.068724,0.261136,0.000100,26.820807
40,0.764808,0.069095,0.214800,0.000100,26.798341
41,0.879851,0.067265,0.190029,0.000100,26.931205
42,0.865947,0.066238,0.184745,0.000100,26.795216
43,0.882033,0.065673,0.151655,0.000100,26.986654
44,0.928730,0.065291,0.138022,0.000100,26.938561
45,0.957435,0.064706,0.107284,0.000100,26.982099
46,0.962406,0.063011,0.097087,0.000100,26.993627
47,0.966412,0.062734,0.102950,0.000100,26.951112
48,0.988208,0.062331,0.078389,0.000100,26.883306
49,0.992007,0.061465,0.072690,0.000100,26.801216
50,0.962819,0.061888,0.083513,0.000100,26.974119
51,0.979417,0.061560,0.077588,0.000100,27.051844
52,0.994521,0.060443,0.061972,0.000100,26.926569
53,1.003358,0.060867,0.063292,0.000100,26.790611
54,0.987798,0.060758,0.061993,0.000100,26.869402
55,0.991754,0.060254,0.054129,0.000100,26.858907
56,0.972984,0.059578,0.084731,0.000100,26.801005
57,0.990430,0.060061,0.056601,0.000100,26.860067
58,0.985394,0.060008,0.056000,0.000100,26.969136
59,0.969956,0.060467,0.073674,0.000100,26.795689
60,0.969943,0.060191,0.074101,0.000100,26.852815
61,1.003889,0.060460,0.056076,0.000100,26.942293
62,1.009305,0.058212,0.055815,0.000100,26.746827
63,0.996434,0.058039,0.054411,0.000100,26.735800
64,0.998194,0.058502,0.058684,0.000100,27.025557
65,1.007267,0.058043,0.050789,0.000100,27.008111
66,1.000968,0.057253,0.049759,0.000100,26.946134
67,1.000684,0.056643,0.046934,0.000100,26.906860
68,0.994569,0.057080,0.046736,0.000100,26.846717
69,1.007135,0.056222,0.047848,0.000100,26.737878
70,0.993518,0.056556,0.046139,0.000100,26.756173
71,0.998056,0.056035,0.047153,0.000100,27.138871
72,1.003128,0.055623,0.045963,0.000100,26.922687
73,1.004351,0.056088,0.039301,0.000100,26.958577
74,0.999054,0.055359,0.043356,0.000100,26.814656
75,1.002568,0.054609,0.041550,0.000100,26.769443
76,0.999249,0.054739,0.042365,0.000100,26.964001
77,1.002439,0.054094,0.039342,0.000100,26.836980
78,0.992611,0.054588,0.042225,0.000100,27.019944
79,1.001200,0.053507,0.040403,0.000100,26.994644
80,0.996916,0.054073,0.042223,0.000100,26.912398
81,0.998932,0.054274,0.034931,0.000100,26.946774
82,1.006164,0.054222,0.038525,0.000100,26.814572
83,1.001688,0.053327,0.034876,0.000100,26.889645
84,0.995300,0.052496,0.040370,0.000100,26.777693
85,1.002921,0.054124,0.037412,0.000100,27.038615
86,1.000096,0.052830,0.034609,0.000100,27.007767
87,1.007079,0.052564,0.037595,0.000100,26.908988
88,1.004155,0.052588,0.036408,0.000100,26.852065
89,1.003821,0.052192,0.035843,0.000100,26.906892
90,1.004309,0.051636,0.035395,0.000100,26.825863
91,0.998864,0.051022,0.033101,0.000100,26.957245
92,1.004933,0.051362,0.036554,0.000100,26.964494
93,1.006995,0.051183,0.028933,0.000100,26.922308
94,1.007979,0.050779,0.037365,0.000100,26.862258
95,1.000432,0.051160,0.038927,0.000100,26.937845
96,1.003411,0.051075,0.035168,0.000100,26.810488
97,0.999485,0.049715,0.031303,0.000100,26.746033
98,1.003788,0.049520,0.030610,0.000100,26.771944
99,1.003222,0.050201,0.033448,0.000100,26.918357
100,1.006020,0.049435,0.031175,0.000100,26.828518
101,1.003487,0.049733,0.030210,0.000100,27.114064
102,1.010988,0.049153,0.033552,0.000100,26.790415
103,0.995708,0.049521,0.038491,0.000100,26.886011
104,1.007821,0.049245,0.028593,0.000100,26.880268
105,1.002723,0.048874,0.032515,0.000100,26.825097
106,1.001353,0.048904,0.032120,0.000100,26.999542
107,1.007105,0.048410,0.028772,0.000100,26.804437
108,1.004723,0.048855,0.030328,0.000100,26.737353
109,1.005294,0.047559,0.029844,0.000100,26.797012
110,1.005653,0.047442,0.028123,0.000100,26.687851
111,1.003615,0.048287,0.028495,0.000100,26.887439
112,1.006192,0.047498,0.030164,0.000100,26.705898
113,1.007625,0.047140,0.029052,0.000100,26.897314
114,0.996868,0.047247,0.031019,0.000100,26.832743
115,1.004023,0.047530,0.028695,0.000100,26.764210
116,1.005483,0.046503,0.029838,0.000100,26.904023
117,1.005662,0.046741,0.029299,0.000100,26.800519
118,1.004077,0.045946,0.026660,0.000100,26.708577
119,1.004401,0.045715,0.028760,0.000100,26.900359
120,1.004281,0.046088,0.026452,0.000100,26.971246
121,0.996538,0.046054,0.034253,0.000100,26.944770
122,1.005942,0.045400,0.029121,0.000100,26.835754
123,1.006389,0.045304,0.026317,0.000100,26.809302
124,1.006056,0.045481,0.027699,0.000100,26.851279
125,1.002842,0.045091,0.027460,0.000100,26.792059
126,1.004529,0.044556,0.027242,0.000100,26.859064
127,0.994196,0.045097,0.036312,0.000100,26.897840
128,1.006884,0.044912,0.027096,0.000100,26.891709
129,1.008954,0.044925,0.026631,0.000100,26.817814
130,1.002275,0.044316,0.027229,0.000100,26.794131
131,1.001881,0.045155,0.027053,0.000100,26.893351
132,1.006740,0.043583,0.027047,0.000100,26.753527
133,1.003547,0.043923,0.024499,0.000100,27.013407
134,1.005892,0.043226,0.026063,0.000100,27.005545
135,1.004136,0.043372,0.026744,0.000100,26.871673
136,1.004671,0.043566,0.025101,0.000100,26.853693
137,1.008737,0.042933,0.024740,0.000100,26.767179
138,1.003186,0.042916,0.026022,0.000100,26.853750
139,1.007128,0.042966,0.023906,0.000100,26.812959
140,1.006703,0.042475,0.024875,0.000100,26.820772
141,0.998447,0.042828,0.030442,0.000100,26.944612
142,1.004547,0.042320,0.024564,0.000100,26.949881
143,1.006270,0.041877,0.026753,0.000100,26.854551
144,1.006535,0.041511,0.023874,0.000100,26.845785
145,0.998321,0.041617,0.026332,0.000100,26.794581
146,0.999446,0.041970,0.027944,0.000100,26.776314
147,1.008809,0.041259,0.025172,0.000100,26.806133
148,1.003476,0.041309,0.024968,0.000100,26.907625
149,1.000274,0.041745,0.025717,0.000100,26.887001
150,1.009342,0.041758,0.024866,0.000100,26.943840
151,1.008350,0.040820,0.023921,0.000100,27.030348
152,1.004413,0.040956,0.023330,0.000100,26.846118
153,1.006422,0.041282,0.023005,0.000100,26.772323
154,0.999561,0.040597,0.027134,0.000100,26.996072
155,1.008499,0.040387,0.023085,0.000100,26.992710
156,0.999322,0.040306,0.031743,0.000100,26.882950
157,1.003328,0.040265,0.025495,0.000100,26.871228
158,1.004508,0.040140,0.024189,0.000100,26.798826
159,1.006369,0.039719,0.022511,0.000100,26.859690
160,1.006555,0.039969,0.025145,0.000100,26.706561
161,1.006658,0.039876,0.023388,0.000100,27.168199
162,1.005074,0.039812,0.023190,0.000100,26.857178
163,1.010426,0.039452,0.026064,0.000100,26.856433
164,1.002559,0.039823,0.022870,0.000100,26.877951
165,1.006655,0.039170,0.023550,0.000100,26.880136
166,1.006284,0.039379,0.022912,0.000100,26.815192
167,1.005639,0.039509,0.021862,0.000100,26.861208
168,1.003049,0.039056,0.023460,0.000100,26.986564
169,1.007597,0.038988,0.022935,0.000100,26.905071
170,1.003885,0.038944,0.021063,0.000100,26.839197
171,1.006521,0.038611,0.022545,0.000100,26.925136
172,1.005448,0.038727,0.022485,0.000100,26.833976
173,1.006026,0.038760,0.022982,0.000100,26.759314
174,1.004309,0.038077,0.021524,0.000100,26.807678
175,1.003968,0.038521,0.022804,0.000100,27.002586
176,1.006353,0.038219,0.021225,0.000100,26.894964
177,1.007447,0.038075,0.022872,0.000100,26.821766
178,1.002971,0.037722,0.020754,0.000100,26.843199
179,1.007166,0.037714,0.022402,0.000100,26.876675
180,1.005243,0.037721,0.021008,0.000100,26.872783
181,1.007534,0.038538,0.023464,0.000100,26.878784
182,1.006835,0.037647,0.025165,0.000100,26.832131
183,1.006065,0.037432,0.021472,0.000100,26.876896
184,1.006129,0.037103,0.021750,0.000100,26.863202
185,1.003781,0.037261,0.020821,0.000100,26.824559
186,1.011479,0.037543,0.025704,0.000100,26.866455
187,1.006127,0.037173,0.020897,0.000100,26.696653
188,1.006557,0.037034,0.021450,0.000100,26.876020
189,1.005652,0.036580,0.021540,0.000100,27.032928
190,1.004714,0.036792,0.021028,0.000100,26.959272
191,1.002791,0.036718,0.023083,0.000100,26.960421
192,1.008196,0.036863,0.018853,0.000100,26.891925
193,1.005111,0.036373,0.021528,0.000100,26.782721
194,1.004998,0.035943,0.020839,0.000100,26.845698
195,1.006929,0.036345,0.020503,0.000100,26.783567
196,1.006261,0.036047,0.020364,0.000100,26.927613
197,1.005123,0.037049,0.022209,0.000100,26.840986
198,1.005172,0.036490,0.021634,0.000100,27.027681
199,1.006831,0.035877,0.021393,0.000100,26.809220
200,1.006983,0.036184,0.019780,0.000100,26.881790
201,1.004240,0.035429,0.021761,0.000100,26.832916
202,1.000514,0.035603,0.020968,0.000100,26.821757
203,1.005720,0.035931,0.022414,0.000100,26.870634
204,1.008520,0.035692,0.020539,0.000100,26.881184
205,1.004746,0.035829,0.020830,0.000100,26.803355
206,1.003749,0.035269,0.021247,0.000100,26.878826
207,1.004993,0.035551,0.021254,0.000100,26.936108
208,1.005586,0.035764,0.019894,0.000100,26.863360
209,1.005119,0.034705,0.019663,0.000100,26.915506
210,1.010965,0.035193,0.021410,0.000100,26.949866
211,0.997069,0.035483,0.029089,0.000100,27.018062
212,1.005883,0.034943,0.019722,0.000100,26.833692
213,1.004540,0.034941,0.020750,0.000100,26.935768
214,1.006075,0.034717,0.018966,0.000100,26.898033
215,1.006313,0.034623,0.021521,0.000100,26.742005
216,1.005562,0.034833,0.020077,0.000100,26.873665
217,1.003042,0.034799,0.018855,0.000100,26.921106
218,1.007808,0.034518,0.021190,0.000100,26.838945
219,1.003600,0.034310,0.019111,0.000100,26.875300
220,1.004351,0.034320,0.021135,0.000100,26.810557
221,1.005015,0.034097,0.018792,0.000100,26.948026
222,1.005967,0.033939,0.019570,0.000100,26.697046
223,1.006314,0.034080,0.019122,0.000100,26.873098
224,1.005138,0.034447,0.020799,0.000100,26.939149
225,1.003948,0.033867,0.019305,0.000100,26.983228
226,1.005231,0.033649,0.019506,0.000100,26.795343
227,1.008213,0.033724,0.018573,0.000100,26.792925
228,1.004128,0.033903,0.018722,0.000100,26.718855
229,1.002653,0.033742,0.020981,0.000100,26.773312
230,1.006761,0.033696,0.019548,0.000100,26.969908
231,1.003936,0.033437,0.018835,0.000100,27.114690
232,1.005912,0.034236,0.018172,0.000100,26.917772
233,1.005539,0.033806,0.018276,0.000100,26.889419
234,1.004975,0.033716,0.019800,0.000100,26.853258
235,1.005901,0.033513,0.019039,0.000100,26.712140
236,1.004084,0.033459,0.018834,0.000100,26.876981
237,1.003681,0.033506,0.019802,0.000100,26.934511
238,1.006048,0.032847,0.018646,0.000100,26.915804
239,1.003312,0.032913,0.018324,0.000100,26.877578
240,1.006449,0.032939,0.019412,0.000100,26.953446
241,1.003263,0.032984,0.019253,0.000100,26.934711
242,1.003740,0.033325,0.021576,0.000100,26.853647
243,1.004786,0.032985,0.018568,0.000100,26.806155
244,1.006966,0.033306,0.019398,0.000100,26.967870
245,1.006180,0.032771,0.018624,0.000100,26.945852
246,1.006747,0.032871,0.018433,0.000100,26.913761
247,1.001882,0.032836,0.018604,0.000100,26.874235
248,1.007699,0.032710,0.018949,0.000100,26.894946
249,1.003824,0.032338,0.017488,0.000100,26.756870
250,1.005288,0.032498,0.018750,0.000100,26.732984
251,1.004124,0.032356,0.017314,0.000100,27.075323
252,1.006504,0.032439,0.018187,0.000100,26.943427
253,1.006212,0.032386,0.018842,0.000100,26.901869
254,1.004952,0.032216,0.016685,0.000100,26.906876
255,1.006692,0.032777,0.018352,0.000100,26.851172
256,1.004840,0.032047,0.016801,0.000100,26.720200
257,1.001471,0.032298,0.019141,0.000100,26.821501
258,1.003690,0.032186,0.017173,0.000100,27.025378
259,1.006272,0.032155,0.017809,0.000100,26.861181
260,1.004547,0.031695,0.017465,0.000100,26.845299
261,1.003712,0.032052,0.017342,0.000100,26.816957
262,1.004882,0.031946,0.017834,0.000100,26.887450
263,1.005976,0.031557,0.016649,0.000100,26.881328
264,1.004039,0.031842,0.016436,0.000100,26.760295
265,1.003474,0.031864,0.019251,0.000100,26.975888
266,1.004157,0.031650,0.017108,0.000100,26.920121
267,1.005633,0.031778,0.016738,0.000100,26.915997
268,1.007254,0.031514,0.018064,0.000100,26.877702
269,1.003493,0.031810,0.018379,0.000100,26.838659
270,1.004139,0.031277,0.016636,0.000100,26.778808
